-3.307473e+00 -3.304657e+00
-3.306568e+00 -3.305082e+00
-3.344981e+00 -3.279596e+00
-3.368191e+00 -3.262204e+00
-3.310377e+00 -3.301121e+00
-3.305958e+00 -3.304464e+00
-3.349357e+00 -3.285205e+00
-3.309445e+00 -3.302900e+00
-3.316414e+00 -3.300907e+00
-3.319088e+00 -3.298531e+00
-3.314774e+00 -3.300263e+00
-3.313646e+00 -3.299959e+00
-3.322905e+00 -3.293992e+00
-3.309867e+00 -3.301492e+00
-3.337744e+00 -3.291028e+00
-3.336843e+00 -3.283186e+00
-3.374071e+00 -3.279053e+00
-3.368391e+00 -3.278765e+00
-3.341953e+00 -3.290066e+00
-3.359090e+00 -3.284254e+00
-3.380468e+00 -3.262426e+00
-3.309892e+00 -3.302668e+00
-3.305903e+00 -3.303953e+00
-3.307212e+00 -3.303916e+00
-3.351063e+00 -3.274975e+00
-3.311038e+00 -3.302565e+00
-3.313086e+00 -3.302098e+00
-3.336530e+00 -3.287525e+00
-3.308698e+00 -3.302116e+00
-3.387734e+00 -3.248205e+00
-3.308585e+00 -3.302745e+00
-3.313581e+00 -3.298700e+00
-3.330504e+00 -3.288389e+00
-3.353933e+00 -3.286252e+00
-3.308589e+00 -3.303113e+00
-3.329467e+00 -3.291268e+00
-3.374876e+00 -3.261521e+00
-3.327699e+00 -3.289424e+00
-3.339648e+00 -3.281193e+00
-3.333098e+00 -3.285828e+00
-3.381615e+00 -3.271999e+00
-3.333311e+00 -3.290268e+00
-3.336744e+00 -3.292511e+00
-3.306708e+00 -3.305019e+00
-3.306131e+00 -3.305043e+00
-3.379997e+00 -3.273368e+00
-3.365863e+00 -3.275213e+00
-3.385299e+00 -3.260283e+00
-3.311753e+00 -3.299824e+00
-3.386044e+00 -3.268102e+00
-3.313826e+00 -3.300147e+00
-3.306829e+00 -3.304768e+00
-3.307953e+00 -3.302099e+00
-3.382168e+00 -3.251865e+00
-3.340788e+00 -3.290825e+00
-3.335775e+00 -3.283769e+00
-1.038348e+01 -2.495933e+00
-3.343177e+00 -3.277594e+00
-3.310120e+00 -3.302375e+00
-3.306711e+00 -3.305109e+00
-3.306401e+00 -3.304871e+00
-3.308435e+00 -3.304210e+00
-3.357469e+00 -3.283452e+00
-3.361533e+00 -3.266926e+00
-3.351419e+00 -3.284280e+00
-3.363471e+00 -3.280983e+00
-3.348959e+00 -3.285891e+00
-3.305326e+00 -3.304571e+00
-3.319291e+00 -3.299407e+00
-3.384566e+00 -3.254635e+00
-3.305910e+00 -3.304416e+00
-3.312198e+00 -3.299053e+00
-3.308637e+00 -3.305051e+00
-3.368330e+00 -3.261374e+00
-3.324565e+00 -3.296935e+00
-3.327903e+00 -3.296243e+00
-3.354539e+00 -3.286028e+00
-3.306509e+00 -3.303382e+00
-3.327345e+00 -3.295247e+00
-3.361703e+00 -3.265575e+00
-3.329378e+00 -3.288671e+00
-3.315660e+00 -3.314367e+00
-3.371553e+00 -3.260425e+00
-3.359600e+00 -3.271967e+00
-3.377890e+00 -3.254626e+00
-3.366045e+00 -3.281610e+00
-3.307540e+00 -3.304507e+00
-3.375172e+00 -3.274810e+00
-3.386985e+00 -3.253531e+00
-3.379842e+00 -3.262988e+00
-3.310149e+00 -3.303213e+00
-3.329967e+00 -3.294638e+00
-3.352225e+00 -3.284805e+00
-3.366293e+00 -3.281760e+00
-3.310558e+00 -3.300813e+00
-3.313998e+00 -3.300862e+00
-3.317986e+00 -3.300358e+00
-3.338547e+00 -3.290906e+00
-3.361538e+00 -3.283123e+00
-3.336404e+00 -3.283552e+00
-3.312335e+00 -3.301676e+00
-3.311419e+00 -3.301430e+00
-3.317926e+00 -3.300272e+00
-3.313823e+00 -3.301991e+00
-3.307057e+00 -3.304771e+00
-3.314551e+00 -3.300213e+00
-3.308716e+00 -3.303820e+00
-3.310868e+00 -3.300854e+00
-3.329209e+00 -3.295641e+00
-3.311556e+00 -3.301806e+00
-3.372191e+00 -3.279723e+00
-3.347742e+00 -3.281596e+00
-3.348443e+00 -3.286868e+00
-3.306588e+00 -3.304610e+00
-3.367619e+00 -3.261718e+00
-3.316588e+00 -3.297374e+00
-3.315466e+00 -3.300117e+00
-3.372418e+00 -3.279759e+00
-3.372032e+00 -3.279783e+00
-3.306865e+00 -3.304858e+00
-3.306154e+00 -3.305161e+00
-3.314634e+00 -3.299235e+00
-3.309246e+00 -3.303789e+00
-3.352149e+00 -3.286225e+00
-3.307356e+00 -3.304275e+00
-3.305014e+00 -3.304503e+00
-3.349418e+00 -3.280885e+00
-3.361897e+00 -3.282400e+00
-3.353191e+00 -3.273408e+00
-3.308828e+00 -3.303577e+00
-3.315960e+00 -3.298422e+00
-3.304913e+00 -3.304282e+00
-3.308749e+00 -3.304105e+00
-3.315701e+00 -3.300051e+00
-3.313053e+00 -3.300941e+00
-3.305225e+00 -3.304131e+00
-3.306830e+00 -3.304971e+00
-3.319888e+00 -3.295267e+00
-3.361210e+00 -3.266476e+00
-3.345204e+00 -3.277443e+00
-3.368238e+00 -3.280661e+00
-3.352375e+00 -3.286721e+00
-3.367838e+00 -3.281174e+00
-3.318479e+00 -3.299935e+00
-3.306224e+00 -3.303735e+00
-1.094470e+01 -2.496423e+00
-3.311803e+00 -3.302401e+00
-3.321920e+00 -3.297224e+00
-3.341410e+00 -3.283018e+00
-3.365682e+00 -3.281353e+00
-3.304760e+00 -3.304391e+00
-3.313371e+00 -3.299492e+00
-3.331067e+00 -3.288835e+00
-3.307841e+00 -3.303391e+00
-3.376016e+00 -3.256189e+00
-3.322006e+00 -3.293901e+00
-3.307117e+00 -3.302716e+00
-3.327840e+00 -3.296172e+00
-3.315466e+00 -3.301562e+00
-3.305055e+00 -3.304420e+00
-3.315267e+00 -3.298636e+00
-3.368160e+00 -3.281017e+00
-3.346767e+00 -3.276311e+00
-3.324654e+00 -3.291834e+00
-3.353919e+00 -3.286133e+00
-3.352768e+00 -3.272011e+00
-3.305279e+00 -3.304035e+00
-3.378728e+00 -3.271230e+00
-3.332641e+00 -3.290683e+00
-3.305604e+00 -3.303895e+00
-3.306843e+00 -3.303182e+00
-3.308557e+00 -3.308281e+00
-3.369041e+00 -3.262184e+00
-3.316724e+00 -3.298956e+00
-3.371332e+00 -3.280089e+00
-3.368877e+00 -3.261051e+00
-3.327746e+00 -3.296308e+00
-3.320103e+00 -3.295359e+00
-3.326089e+00 -3.291633e+00
-3.317621e+00 -3.296578e+00
-3.308970e+00 -3.301863e+00
-3.305950e+00 -3.304224e+00
-3.326966e+00 -3.296546e+00
-3.309466e+00 -3.302993e+00
-3.305057e+00 -3.304388e+00
-3.360030e+00 -3.270040e+00
-3.703089e+00 -3.049677e+00
-3.305459e+00 -3.304436e+00
-3.349787e+00 -3.287640e+00
-3.334300e+00 -3.291701e+00
-3.375405e+00 -3.256804e+00
-3.335807e+00 -3.283262e+00
-3.325874e+00 -3.291211e+00
-3.337842e+00 -3.291993e+00
-3.312910e+00 -3.302006e+00
-3.345732e+00 -3.288884e+00
-3.362132e+00 -3.266549e+00
-5.366935e+00 -3.109561e+00
-3.304898e+00 -3.304460e+00
-3.364880e+00 -3.279720e+00
-3.386027e+00 -3.250385e+00
-3.365764e+00 -3.276575e+00
-3.317830e+00 -3.295881e+00
-3.363326e+00 -3.278547e+00
-3.306266e+00 -3.305300e+00
-3.358974e+00 -3.267956e+00
-3.313653e+00 -3.313151e+00
-3.337560e+00 -3.281532e+00
-3.334254e+00 -3.292780e+00
-3.333431e+00 -3.293244e+00
-3.338396e+00 -3.291494e+00
-3.305665e+00 -3.304900e+00
-3.314025e+00 -3.298639e+00
-3.313548e+00 -3.298452e+00
-3.350705e+00 -3.273386e+00
-3.367017e+00 -3.281447e+00
-3.372265e+00 -3.279724e+00
-3.322184e+00 -3.294835e+00
-3.311290e+00 -3.302104e+00
-3.305587e+00 -3.303803e+00
-3.315486e+00 -3.299416e+00
-3.325951e+00 -3.295185e+00
-3.339187e+00 -3.283027e+00
-1.304687e+01 -2.495828e+00
-3.340589e+00 -3.289824e+00
-3.382406e+00 -3.261960e+00
-3.322647e+00 -3.295023e+00
-3.320944e+00 -3.294679e+00
-3.305108e+00 -3.304250e+00
-3.310887e+00 -3.303112e+00
-3.314566e+00 -3.299325e+00
-3.319058e+00 -3.296459e+00
-3.372850e+00 -3.281867e+00
-3.367949e+00 -3.280720e+00
-3.332114e+00 -3.293917e+00
-3.366416e+00 -3.280769e+00
-3.370071e+00 -3.259663e+00
-3.314366e+00 -3.297752e+00
-3.353935e+00 -3.271467e+00
-3.314326e+00 -3.299556e+00
-3.318980e+00 -3.296849e+00
-3.362922e+00 -3.276795e+00
-3.380045e+00 -3.275061e+00
-3.313098e+00 -3.300987e+00
-3.329931e+00 -3.292433e+00
-3.372698e+00 -3.275996e+00
-3.315994e+00 -3.297317e+00
-3.368987e+00 -3.272190e+00
-3.312977e+00 -3.301176e+00
-3.311116e+00 -3.301784e+00
-3.306640e+00 -3.303697e+00
-3.307256e+00 -3.304724e+00
-3.364942e+00 -3.268192e+00
-3.325813e+00 -3.296551e+00
-3.351074e+00 -3.275948e+00
-3.327131e+00 -3.290301e+00
-3.359458e+00 -3.276018e+00
-3.357210e+00 -3.268998e+00
-3.312373e+00 -3.300393e+00
-3.331309e+00 -3.294620e+00
-3.307989e+00 -3.304014e+00
-3.333390e+00 -3.285746e+00
-3.328673e+00 -3.295822e+00
-3.324783e+00 -3.296708e+00
-3.353650e+00 -3.281911e+00
-3.305221e+00 -3.304717e+00
-3.331694e+00 -3.287005e+00
-3.305737e+00 -3.303853e+00
-3.349769e+00 -3.285398e+00
-3.310270e+00 -3.301879e+00
-3.309351e+00 -3.303310e+00
-3.362454e+00 -3.282996e+00
-3.343530e+00 -3.289002e+00
-3.345843e+00 -3.277036e+00
-3.381462e+00 -3.252293e+00
-3.328061e+00 -3.289792e+00
-3.319646e+00 -3.297408e+00
-3.312437e+00 -3.302487e+00
-3.317412e+00 -3.295305e+00
-3.307631e+00 -3.303500e+00
-3.317102e+00 -3.297326e+00
-3.374571e+00 -3.257051e+00
-3.333730e+00 -3.292997e+00
-3.308257e+00 -3.304433e+00
-3.306614e+00 -3.305193e+00
-3.305105e+00 -3.304689e+00
-3.373170e+00 -3.268475e+00
-3.320868e+00 -3.295185e+00
-3.309490e+00 -3.302972e+00
-3.340211e+00 -3.284398e+00
-3.306734e+00 -3.305079e+00
-3.307278e+00 -3.304497e+00
-3.316841e+00 -3.300124e+00
-3.306588e+00 -3.305337e+00
-3.305966e+00 -3.304056e+00
-3.324814e+00 -3.297799e+00
-3.314990e+00 -3.300098e+00
-3.313686e+00 -3.301749e+00
-3.309423e+00 -3.302457e+00
-3.322494e+00 -3.297852e+00
-3.308154e+00 -3.303465e+00
-3.383549e+00 -3.271756e+00
-3.317393e+00 -3.299216e+00
-3.337077e+00 -3.284720e+00
-3.324744e+00 -3.297121e+00
-3.305439e+00 -3.304801e+00
-3.309265e+00 -3.303432e+00
-3.309452e+00 -3.303000e+00
-3.305215e+00 -3.304589e+00
-3.358185e+00 -3.284688e+00
-3.336168e+00 -3.288946e+00
-3.375741e+00 -3.278498e+00
-3.308009e+00 -3.304087e+00
-3.305952e+00 -3.303990e+00
-3.307025e+00 -3.304270e+00
-3.323157e+00 -3.297245e+00
-3.364999e+00 -3.263560e+00
-3.319006e+00 -3.297033e+00
-3.319156e+00 -3.296942e+00
-3.316148e+00 -3.301038e+00
-3.311017e+00 -3.301974e+00
-3.366025e+00 -3.282056e+00
-3.322226e+00 -3.292776e+00
-3.306874e+00 -3.304996e+00
-3.308388e+00 -3.301988e+00
-3.376690e+00 -3.257153e+00
-3.366289e+00 -3.279949e+00
-3.370884e+00 -3.280574e+00
-3.322139e+00 -3.295731e+00
-3.341461e+00 -3.282250e+00
-3.304739e+00 -3.304430e+00
-3.306551e+00 -3.306029e+00
-3.306595e+00 -3.305163e+00
-3.347631e+00 -3.283254e+00
-3.310779e+00 -3.302879e+00
-3.310352e+00 -3.302746e+00
-3.306728e+00 -3.305661e+00
-3.306679e+00 -3.304552e+00
-3.306144e+00 -3.303543e+00
-9.790779e+00 -2.497362e+00
-3.321653e+00 -3.294258e+00
-3.326469e+00 -3.296112e+00
-3.306298e+00 -3.303955e+00
-3.326970e+00 -3.293727e+00
-3.314316e+00 -3.300934e+00
-3.325519e+00 -3.295929e+00
-3.308194e+00 -3.304481e+00
-3.308073e+00 -3.302007e+00
-3.316173e+00 -3.298689e+00
-3.318439e+00 -3.298087e+00
-3.309361e+00 -3.303177e+00
-3.305515e+00 -3.304554e+00
-3.333144e+00 -3.289065e+00
-3.348395e+00 -3.275015e+00
-3.326895e+00 -3.293772e+00
-3.342026e+00 -3.278773e+00
-3.330790e+00 -3.286219e+00
-3.309018e+00 -3.303061e+00
-3.366911e+00 -3.280096e+00
-3.331046e+00 -3.293959e+00
-3.368126e+00 -3.280830e+00
-3.339884e+00 -3.281478e+00
-3.343101e+00 -3.279120e+00
-3.306778e+00 -3.304849e+00
